"id","nutrient","stem.height","fruit.number"
1,"low",12.0899033371607,10
2,"low",13.5047347517257,13
3,"low",13.7212428941732,12
4,"low",13.0989708068596,7
5,"low",13.3920363762827,13
6,"low",12.0130044353031,12
7,"low",12.3592517118764,18
8,"low",14.0136870017842,14
9,"low",12.856919986963,12
10,"low",12.9648118553039,15
11,"low",14.9299574952064,8
12,"low",13.3425414833656,17
13,"low",12.3671756462457,10
14,"low",14.2606482313701,13
15,"low",10.9661685298615,17
16,"low",14.571593060459,17
17,"low",13.5272446104348,6
18,"low",12.6921215583052,10
19,"low",11.3771673186058,13
20,"low",14.6990447987348,13
21,"low",16.9169946713048,10
22,"low",15.4741221535061,13
23,"low",15.2081546236885,15
24,"low",16.5790354191233,11
25,"low",14.3517722827306,13
26,"low",12.7998238907278,8
27,"low",12.1846583368321,21
28,"low",12.3891315862693,12
29,"low",13.6858008333485,13
30,"low",15.5684053099863,16
31,"low",10.9323563153445,7
32,"low",11.4627208498164,7
33,"low",14.0577757111953,7
34,"low",12.8755301776761,11
35,"low",10.6058086305057,10
36,"low",13.6089789148736,8
37,"low",14.0058774190007,7
38,"low",14.3261600124411,11
39,"low",14.6543908979619,13
40,"low",12.6360444196053,13
41,"low",17.5240143984779,13
42,"low",15.3210299117221,15
43,"low",9.67378943996971,13
44,"low",11.3590111781205,17
45,"low",15.0065533232071,11
46,"low",12.2336153862815,14
47,"low",14.1846453905697,9
48,"low",15.1910807909816,13
49,"low",14.6543652085581,9
50,"low",13.1587576208575,13
51,"medium",21.0108386060012,22
52,"medium",17.6580943198015,26
53,"medium",18.041050409633,22
54,"medium",18.7118592638873,23
55,"medium",17.0960501084442,23
56,"medium",17.3202042004253,28
57,"medium",17.955760862182,22
58,"medium",18.2136431859288,24
59,"medium",18.2421568585097,30
60,"medium",17.6024437689602,21
61,"medium",19.8177223236586,26
62,"medium",19.3104038994668,19
63,"medium",20.1881975004828,24
64,"medium",17.2057977710216,23
65,"medium",20.0645238178249,30
66,"medium",18.4632741591077,31
67,"medium",18.4563028911965,25
68,"medium",17.6122931231966,24
69,"medium",20.6815905651718,29
70,"medium",19.4212070010483,24
71,"medium",19.7305283292737,17
72,"medium",19.5895447113449,21
73,"medium",18.7508442115951,31
74,"medium",16.1119013507395,29
75,"medium",18.6203481972187,37
76,"medium",16.9232460720527,29
77,"medium",21.533862796994,25
78,"medium",19.0054874921379,32
79,"medium",17.7772763336721,17
80,"medium",18.7776645818448,27
81,"medium",15.8597088393893,22
82,"medium",16.4538450998474,24
83,"medium",18.3787414445018,30
84,"medium",20.3132878253982,21
85,"medium",19.5435244548279,23
86,"medium",19.9046152407954,29
87,"medium",18.4722016147664,32
88,"medium",16.5828346994519,22
89,"medium",16.8844304028703,18
90,"medium",20.2657856419441,34
91,"medium",17.414208484904,28
92,"medium",16.6419610064401,23
93,"medium",18.6730727957521,25
94,"medium",19.4054136230633,20
95,"medium",17.6403794586547,25
96,"medium",19.532975647436,36
97,"medium",19.427439152938,28
98,"medium",19.575329569689,16
99,"medium",18.6779759645759,22
100,"medium",18.9056378965522,25
101,"high",23.9688128832846,40
102,"high",28.0610596649116,34
103,"high",25.0246244706347,40
104,"high",22.5481771546162,33
105,"high",24.7859014179251,40
106,"high",25.2445706477507,31
107,"high",25.5100150712393,29
108,"high",26.4001795941369,31
109,"high",22.8240097028793,33
110,"high",24.7593848086503,37
111,"high",24.0818784120177,43
112,"high",22.5433062353039,35
113,"high",29.0615951236361,29
114,"high",28.0168821775114,27
115,"high",23.5190161670896,37
116,"high",26.8190775324394,38
117,"high",26.0658493397632,32
118,"high",25.534496835036,41
119,"high",26.6814167705386,32
120,"high",24.6670650750061,45
121,"high",24.0989429531737,29
122,"high",23.0481054683632,27
123,"high",22.5143910998185,39
124,"high",22.0814907576657,30
125,"high",26.5865932177914,29
126,"high",24.4394604843764,32
127,"high",25.9070528363226,30
128,"high",26.1937128246883,33
129,"high",24.3199815322385,36
130,"high",23.8200180147303,35
131,"high",26.8457456866184,30
132,"high",20.9918615238164,28
133,"high",22.7374016299531,40
134,"high",23.1572158317199,42
135,"high",24.1590758023071,35
136,"high",26.7534610374713,30
137,"high",25.519672827847,35
138,"high",23.5617657987979,42
139,"high",23.9184439022947,27
140,"high",25.618105065185,34
141,"high",26.1810501163038,40
142,"high",23.6997490798455,31
143,"high",24.6391783681809,22
144,"high",22.9566007000846,40
145,"high",28.0038378425965,30
146,"high",24.5419208476147,41
147,"high",24.0156858410093,34
148,"high",22.3523036123715,32
149,"high",26.2436627694989,34
150,"high",28.4326069139364,38
